1.0733337 1.0608133 1.0367077 1.1263702
0.98840656 0.98629034 0.96183474 1.0979586
0.95921885 0.95355707 0.93849782 1.073989
0.94411704 0.94103011 0.9271633 1.055259
0.93628777 0.93352393 0.918769 1.0392902
0.93187122 0.92443902 0.91474324 1.0265576
0.92396648 0.91985043 0.91166885 1.0154433
0.92134047 0.91585531 0.90950922 1.0067087
0.9169215 0.9159778 0.90712833 0.99983585
0.91455503 0.91336759 0.90603773 0.99348522
0.91286571 0.91019622 0.90556413 0.98810839
0.91217995 0.90968651 0.90385205 0.98375546
0.90915864 0.90817319 0.90310409 0.98053052
0.90825816 0.90670115 0.90273055 0.97732676
0.90791321 0.90511109 0.90203819 0.97494604
0.90543955 0.90418719 0.90169647 0.97260499
0.9049477 0.90405836 0.90113285 0.97084206
0.90504473 0.90310355 0.90078332 0.96926706
0.90444263 0.90261228 0.90048348 0.96793603
0.90327969 0.90193717 0.90035477 0.96668707
0.90338194 0.90152878 0.90004531 0.96547679
0.90263957 0.90112757 0.8998387 0.96455382
0.90230144 0.90101541 0.89966319 0.96377401
0.9018784 0.9008234 0.89956345 0.96311227
0.90187809 0.9005109 0.89943027 0.9625193
0.90165404 0.9002923 0.89928154 0.96193842
0.90151604 0.90019832 0.89917876 0.96145159
0.90132726 0.900085 0.89908509 0.96102076
0.90110754 0.89997599 0.89900075 0.9606449
0.90108433 0.89990328 0.89892806 0.96031788
0.90092382 0.89980077 0.89885951 0.96003758
0.90082559 0.89975437 0.89879985 0.95977449
0.90075512 0.89964883 0.89874615 0.95953787
0.90069403 0.89960591 0.89870045 0.95931783
0.9006734 0.89955605 0.8986561 0.95912518
0.90063367 0.89952803 0.89861802 0.95895534
0.900594 0.89949406 0.89858451 0.95880452
0.90057201 0.89945969 0.89855307 0.95866744
0.9005396 0.89943849 0.89852502 0.95854548
0.90050636 0.89942173 0.89849983 0.95843764
0.90049269 0.89939436 0.89847754 0.95834041
0.90047273 0.89938094 0.89845721 0.9582528
0.90045558 0.89936366 0.89843909 0.95817461
0.90043757 0.89935088 0.8984229 0.95810356
0.90042508 0.89933979 0.89840827 0.95804061
0.90041649 0.89932884 0.89839491 0.95798432
0.90040474 0.89931887 0.8983829 0.95793329
0.90039615 0.89931074 0.89837222 0.95788768
0.90038861 0.89930304 0.89836258 0.95784667
0.90038198 0.89929629 0.89835386 0.95780977
0.90037537 0.89929014 0.89834602 0.95777661
0.90036986 0.89928474 0.89833897 0.95774688
0.90036503 0.89927986 0.89833263 0.95772002
0.90036059 0.89927542 0.89832697 0.95769597
0.90035664 0.89927148 0.89832185 0.95767436
0.90035312 0.89926796 0.89831726 0.95765491
0.90034987 0.89926477 0.89831311 0.95763742
0.90034703 0.89926192 0.89830938 0.9576217
0.90034442 0.89925936 0.89830604 0.95760751
0.90034212 0.89925706 0.89830302 0.95759479
0.90034002 0.89925501 0.8983003 0.95758333
0.90033816 0.89925314 0.89829785 0.957573
0.90033647 0.89925147 0.89829565 0.95756373
0.90033496 0.89924997 0.89829367 0.95755538
0.90033359 0.89924862 0.89829189 0.95754787
0.90033237 0.8992474 0.89829029 0.95754111
0.90033127 0.8992463 0.89828885 0.95753503
0.90033028 0.89924532 0.89828755 0.95752956
0.90032939 0.89924443 0.89828638 0.95752464
0.90032859 0.89924363 0.89828533 0.95752021
0.90032786 0.89924292 0.89828438 0.95751623
0.90032722 0.89924227 0.89828353 0.95751264
0.90032663 0.89924169 0.89828276 0.95750941
0.90032611 0.89924117 0.89828207 0.95750651
0.90032564 0.8992407 0.89828145 0.95750389
0.90032521 0.89924027 0.89828089 0.95750154
0.90032483 0.89923989 0.89828039 0.95749942
0.90032448 0.89923955 0.89827994 0.95749752
0.90032417 0.89923924 0.89827953 0.95749581
0.9003239 0.89923897 0.89827916 0.95749426
0.90032365 0.89923872 0.89827883 0.95749287
0.90032342 0.89923849 0.89827854 0.95749163
0.90032322 0.89923829 0.89827827 0.9574905
0.90032303 0.89923811 0.89827803 0.95748949
0.90032287 0.89923794 0.89827781 0.95748858
0.90032272 0.8992378 0.89827762 0.95748776
0.90032259 0.89923766 0.89827744 0.95748702
0.90032247 0.89923754 0.89827728 0.95748636
0.90032236 0.89923744 0.89827714 0.95748576
0.90032226 0.89923734 0.89827701 0.95748522
0.90032218 0.89923725 0.8982769 0.95748474
0.9003221 0.89923717 0.8982768 0.9574843
0.90032203 0.8992371 0.8982767 0.95748391
0.90032196 0.89923704 0.89827662 0.95748356
0.90032191 0.89923698 0.89827654 0.95748324
0.90032185 0.89923693 0.89827648 0.95748295
0.90032181 0.89923689 0.89827641 0.9574827
0.90032177 0.89923684 0.89827636 0.95748247
0.90032173 0.89923681 0.89827631 0.95748226
0.90032169 0.89923677 0.89827627 0.95748207
0.90032166 0.89923674 0.89827622 0.9574819
0.90032164 0.89923671 0.89827619 0.95748175
0.90032161 0.89923669 0.89827616 0.95748161
0.90032159 0.89923667 0.89827613 0.95748149
0.90032157 0.89923665 0.8982761 0.95748138
0.90032155 0.89923663 0.89827608 0.95748128
0.90032154 0.89923661 0.89827606 0.95748119
0.90032152 0.8992366 0.89827604 0.95748111
0.90032151 0.89923659 0.89827602 0.95748104
0.9003215 0.89923657 0.898276 0.95748097
0.90032149 0.89923656 0.89827599 0.95748091
0.90032148 0.89923655 0.89827598 0.95748086
0.90032147 0.89923655 0.89827597 0.95748081
0.90032146 0.89923654 0.89827596 0.95748077
0.90032145 0.89923653 0.89827595 0.95748073
0.90032145 0.89923653 0.89827594 0.9574807
0.90032144 0.89923652 0.89827593 0.95748066
0.90032144 0.89923651 0.89827592 0.95748064
0.90032143 0.89923651 0.89827592 0.95748061
0.90032143 0.89923651 0.89827591 0.95748059
0.90032142 0.8992365 0.89827591 0.95748057
0.90032142 0.8992365 0.8982759 0.95748055
0.90032142 0.8992365 0.8982759 0.95748053
0.90032141 0.89923649 0.8982759 0.95748052
0.90032141 0.89923649 0.89827589 0.9574805
0.90032141 0.89923649 0.89827589 0.95748049
0.90032141 0.89923649 0.89827589 0.95748048
0.90032141 0.89923648 0.89827588 0.95748047
0.9003214 0.89923648 0.89827588 0.95748046
0.9003214 0.89923648 0.89827588 0.95748045
0.9003214 0.89923648 0.89827588 0.95748045
0.9003214 0.89923648 0.89827588 0.95748044
0.9003214 0.89923648 0.89827588 0.95748043
0.9003214 0.89923648 0.89827588 0.95748043
0.9003214 0.89923648 0.89827587 0.95748043
0.9003214 0.89923648 0.89827587 0.95748042
0.9003214 0.89923648 0.89827587 0.95748042
0.9003214 0.89923647 0.89827587 0.95748041
0.90032139 0.89923647 0.89827587 0.95748041
0.90032139 0.89923647 0.89827587 0.95748041
0.90032139 0.89923647 0.89827587 0.95748041
0.90032139 0.89923647 0.89827587 0.9574804
0.90032139 0.89923647 0.89827587 0.9574804
0.90032139 0.89923647 0.89827587 0.9574804
0.90032139 0.89923647 0.89827587 0.9574804
0.90032139 0.89923647 0.89827587 0.9574804
0.90032139 0.89923647 0.89827587 0.95748039
0.90032139 0.89923647 0.89827587 0.95748039
0.90032139 0.89923647 0.89827587 0.95748039
0.90032139 0.89923647 0.89827587 0.95748039
0.90032139 0.89923647 0.89827587 0.95748039
0.90032139 0.89923647 0.89827587 0.95748039
0.90032139 0.89923647 0.89827587 0.95748039
0.90032139 0.89923647 0.89827587 0.95748039
0.90032139 0.89923647 0.89827587 0.95748039
0.90032139 0.89923647 0.89827587 0.95748039
0.90032139 0.89923647 0.89827586 0.95748039
0.90032139 0.89923647 0.89827586 0.95748039
0.90032139 0.89923647 0.89827586 0.95748039
0.90032139 0.89923647 0.89827586 0.95748039
0.90032139 0.89923647 0.89827586 0.95748039
0.90032139 0.89923647 0.89827586 0.95748039
0.90032139 0.89923647 0.89827586 0.95748039
0.90032139 0.89923647 0.89827586 0.95748038
0.90032139 0.89923647 0.89827586 0.95748038
0.90032139 0.89923647 0.89827586 0.95748038
0.90032139 0.89923647 0.89827586 0.95748038
0.90032139 0.89923647 0.89827586 0.95748038
0.90032139 0.89923647 0.89827586 0.95748038
0.90032139 0.89923647 0.89827586 0.95748038
0.90032139 0.89923647 0.89827586 0.95748038
0.90032139 0.89923647 0.89827586 0.95748038
0.90032139 0.89923647 0.89827586 0.95748038
0.90032139 0.89923647 0.89827586 0.95748038
0.90032139 0.89923647 0.89827586 0.95748038
0.90032139 0.89923647 0.89827586 0.95748038
0.90032139 0.89923647 0.89827586 0.95748038
0.90032139 0.89923647 0.89827586 0.95748038
0.90032139 0.89923647 0.89827586 0.95748038
0.90032139 0.89923647 0.89827586 0.95748038
0.90032139 0.89923647 0.89827586 0.95748038
0.90032139 0.89923647 0.89827586 0.95748038
0.90032139 0.89923647 0.89827586 0.95748038
0.90032139 0.89923647 0.89827586 0.95748038
0.90032139 0.89923647 0.89827586 0.95748038
0.90032139 0.89923647 0.89827586 0.95748038
0.90032139 0.89923647 0.89827586 0.95748038
0.90032139 0.89923647 0.89827586 0.95748038
0.90032139 0.89923647 0.89827586 0.95748038
0.90032139 0.89923647 0.89827586 0.95748038
0.90032139 0.89923647 0.89827586 0.95748038
0.90032139 0.89923647 0.89827586 0.95748038
0.90032139 0.89923647 0.89827586 0.95748038
0.90032139 0.89923647 0.89827586 0.95748038
0.90032139 0.89923647 0.89827586 0.95748038
0.90032139 0.89923647 0.89827586 0.95748038
0.90032139 0.89923647 0.89827586 0.95748038
0.90032139 0.89923647 0.89827586 0.95748038
0.90032139 0.89923647 0.89827586 0.95748038
0.90032139 0.89923647 0.89827586 0.95748038
0.90032139 0.89923647 0.89827586 0.95748038
0.90032139 0.89923647 0.89827586 0.95748038
0.90032139 0.89923647 0.89827586 0.95748038
0.90032139 0.89923647 0.89827586 0.95748038
0.90032139 0.89923647 0.89827586 0.95748038
0.90032139 0.89923647 0.89827586 0.95748038
0.90032139 0.89923647 0.89827586 0.95748038
0.90032139 0.89923647 0.89827586 0.95748038
0.90032139 0.89923647 0.89827586 0.95748038
0.90032139 0.89923647 0.89827586 0.95748038
0.90032139 0.89923647 0.89827586 0.95748038
0.90032139 0.89923647 0.89827586 0.95748038
0.90032139 0.89923647 0.89827586 0.95748038
0.90032139 0.89923647 0.89827586 0.95748038
0.90032139 0.89923647 0.89827586 0.95748038
0.90032139 0.89923647 0.89827586 0.95748038
0.90032139 0.89923647 0.89827586 0.95748038
0.90032139 0.89923647 0.89827586 0.95748038
0.90032139 0.89923647 0.89827586 0.95748038
0.90032139 0.89923647 0.89827586 0.95748038
0.90032139 0.89923647 0.89827586 0.95748038
0.90032139 0.89923647 0.89827586 0.95748038
0.90032139 0.89923647 0.89827586 0.95748038
0.90032139 0.89923647 0.89827586 0.95748038
0.90032139 0.89923647 0.89827586 0.95748038
0.90032139 0.89923647 0.89827586 0.95748038
0.90032139 0.89923647 0.89827586 0.95748038
0.90032139 0.89923647 0.89827586 0.95748038
0.90032139 0.89923647 0.89827586 0.95748038
0.90032139 0.89923647 0.89827586 0.95748038
0.90032139 0.89923647 0.89827586 0.95748038
0.90032139 0.89923647 0.89827586 0.95748038
0.90032139 0.89923647 0.89827586 0.95748038
0.90032139 0.89923647 0.89827586 0.95748038
0.90032139 0.89923647 0.89827586 0.95748038
0.90032139 0.89923647 0.89827586 0.95748038
0.90032139 0.89923647 0.89827586 0.95748038
0.90032139 0.89923647 0.89827586 0.95748038
0.90032139 0.89923647 0.89827586 0.95748038
0.90032139 0.89923647 0.89827586 0.95748038
0.90032139 0.89923647 0.89827586 0.95748038
0.90032139 0.89923647 0.89827586 0.95748038
0.90032139 0.89923647 0.89827586 0.95748038
0.90032139 0.89923647 0.89827586 0.95748038
0.90032139 0.89923647 0.89827586 0.95748038
0.90032139 0.89923647 0.89827586 0.95748038
0.90032139 0.89923647 0.89827586 0.95748038
0.90032139 0.89923647 0.89827586 0.95748038
0.90032139 0.89923647 0.89827586 0.95748038
0.90032139 0.89923647 0.89827586 0.95748038
0.90032139 0.89923647 0.89827586 0.95748038
0.90032139 0.89923647 0.89827586 0.95748038
0.90032139 0.89923647 0.89827586 0.95748038
0.90032139 0.89923647 0.89827586 0.95748038
0.90032139 0.89923647 0.89827586 0.95748038
0.90032139 0.89923647 0.89827586 0.95748038
0.90032139 0.89923647 0.89827586 0.95748038
0.90032139 0.89923647 0.89827586 0.95748038
0.90032139 0.89923647 0.89827586 0.95748038
0.90032139 0.89923647 0.89827586 0.95748038
0.90032139 0.89923647 0.89827586 0.95748038
0.90032139 0.89923647 0.89827586 0.95748038
0.90032139 0.89923647 0.89827586 0.95748038
0.90032139 0.89923647 0.89827586 0.95748038
0.90032139 0.89923647 0.89827586 0.95748038
0.90032139 0.89923647 0.89827586 0.95748038
0.90032139 0.89923647 0.89827586 0.95748038
0.90032139 0.89923647 0.89827586 0.95748038
0.90032139 0.89923647 0.89827586 0.95748038
0.90032139 0.89923647 0.89827586 0.95748038
0.90032139 0.89923647 0.89827586 0.95748038
0.90032139 0.89923647 0.89827586 0.95748038
0.90032139 0.89923647 0.89827586 0.95748038
0.90032139 0.89923647 0.89827586 0.95748038
0.90032139 0.89923647 0.89827586 0.95748038
0.90032139 0.89923647 0.89827586 0.95748038
0.90032139 0.89923647 0.89827586 0.95748038
0.90032139 0.89923647 0.89827586 0.95748038
0.90032139 0.89923647 0.89827586 0.95748038
0.90032139 0.89923647 0.89827586 0.95748038
0.90032139 0.89923647 0.89827586 0.95748038
0.90032139 0.89923647 0.89827586 0.95748038
0.90032139 0.89923647 0.89827586 0.95748038
0.90032139 0.89923647 0.89827586 0.95748038
0.90032139 0.89923647 0.89827586 0.95748038
0.90032139 0.89923647 0.89827586 0.95748038
0.90032139 0.89923647 0.89827586 0.95748038
0.90032139 0.89923647 0.89827586 0.95748038
0.90032139 0.89923647 0.89827586 0.95748038
0.90032139 0.89923647 0.89827586 0.95748038
0.90032139 0.89923647 0.89827586 0.95748038
0.90032139 0.89923647 0.89827586 0.95748038
0.90032139 0.89923647 0.89827586 0.95748038
0.90032139 0.89923647 0.89827586 0.95748038
0.90032139 0.89923647 0.89827586 0.95748038
0.90032139 0.89923647 0.89827586 0.95748038
0.90032139 0.89923647 0.89827586 0.95748038
0.90032139 0.89923647 0.89827586 0.95748038
0.90032139 0.89923647 0.89827586 0.95748038
0.90032139 0.89923647 0.89827586 0.95748038
