1.1709447 1.1595851 1.1190381 1.1228655
1.0762773 1.0682525 1.0220807 1.0962219
1.0375063 1.0339145 0.99069292 1.0739107
1.0221871 1.0169124 0.97483617 1.0565094
1.0135584 1.0052738 0.96384147 1.0418184
1.0053419 0.99227646 0.95711954 1.0303774
0.99601 0.98898974 0.95430811 1.0201881
0.99636038 0.98302778 0.95072589 1.0122671
0.98943923 0.98151326 0.9490548 1.0062495
0.98554255 0.97976069 0.94759538 1.000939
0.98303216 0.97666889 0.9460841 0.9960458
0.98310929 0.97489664 0.94427587 0.99205259
0.98012348 0.97284794 0.94367569 0.989211
0.97800213 0.96914422 0.94374446 0.98654699
0.97759834 0.96959289 0.9429876 0.98461252
0.97512757 0.96745723 0.94287679 0.98251978
0.97482932 0.96794144 0.94244041 0.9810429
0.97491819 0.96696952 0.94220228 0.97980669
0.97383919 0.96603337 0.94180663 0.97874047
0.97246021 0.96530507 0.94161445 0.97762054
0.97332963 0.96467088 0.94158732 0.97657643
0.97220595 0.96431954 0.94138292 0.97583859
0.97229686 0.96445345 0.94126781 0.97517955
0.97158717 0.96430682 0.94109167 0.97463761
0.97110164 0.9641574 0.9410015 0.97416198
0.97143251 0.96355494 0.94096641 0.9736944
0.97113531 0.96316154 0.94097824 0.9733256
0.97072877 0.96316738 0.94095087 0.9729675
0.97046786 0.96311716 0.94088875 0.97267232
0.97049171 0.96278366 0.94083324 0.97241614
0.97041079 0.96255992 0.940816 0.97218685
0.97021111 0.96269269 0.94080851 0.97197544
0.97008689 0.96248354 0.94077921 0.9717942
0.97000702 0.96250518 0.94074221 0.97162439
0.97016641 0.96234701 0.94071241 0.97147138
0.97013072 0.96230777 0.94069697 0.97133372
0.96991777 0.96232679 0.94067934 0.97121437
0.96995407 0.96228868 0.94067164 0.97110448
0.96985973 0.96228665 0.94066182 0.9710057
0.96983068 0.96225771 0.9406521 0.97091884
0.96981063 0.96216746 0.94063944 0.97084407
0.96976361 0.96215874 0.94063017 0.97077388
0.96971617 0.96214413 0.94062097 0.97071215
0.96970069 0.96214105 0.94061312 0.9706559
0.9696847 0.96210113 0.94060609 0.97060613
0.96968325 0.96208656 0.94059985 0.97056085
0.96967572 0.96207736 0.94059487 0.97052075
0.96967526 0.96206947 0.94058909 0.9704849
0.96966055 0.96205849 0.940584 0.97045274
0.96964368 0.96205513 0.94058044 0.97042373
0.96963504 0.96204424 0.94057675 0.97039763
0.96963133 0.96203581 0.94057371 0.97037423
0.96963174 0.96202505 0.94057074 0.9703531
0.96962058 0.96201759 0.94056784 0.97033422
0.96961812 0.96201139 0.94056542 0.97031721
0.96961095 0.96200484 0.94056328 0.97030192
0.96960998 0.9620018 0.94056137 0.97028812
0.96960704 0.96199667 0.94055963 0.97027576
0.9696023 0.96199145 0.94055803 0.97026459
0.96960032 0.96198819 0.94055663 0.97025458
0.96959609 0.96198466 0.94055539 0.97024557
0.96959352 0.96198162 0.94055427 0.97023746
0.969591 0.96197848 0.94055324 0.97023018
0.96958894 0.96197643 0.9405523 0.97022361
0.96958653 0.96197425 0.94055144 0.97021771
0.96958436 0.96197231 0.94055071 0.9702124
0.96958244 0.96197054 0.94055002 0.97020762
0.96958101 0.96196892 0.94054941 0.97020332
0.9695796 0.96196746 0.94054887 0.97019945
0.96957844 0.96196619 0.94054838 0.97019597
0.96957735 0.96196507 0.94054793 0.97019283
0.96957632 0.96196404 0.94054753 0.97019001
0.96957549 0.96196312 0.94054717 0.97018748
0.9695747 0.96196228 0.94054684 0.97018519
0.96957405 0.96196155 0.94054655 0.97018314
0.96957343 0.9619609 0.94054629 0.97018129
0.9695729 0.96196032 0.94054605 0.97017962
0.96957243 0.96195981 0.94054584 0.97017812
0.96957195 0.96195933 0.94054565 0.97017678
0.96957154 0.9619589 0.94054548 0.97017556
0.96957117 0.96195854 0.94054533 0.97017447
0.96957083 0.96195819 0.94054519 0.97017349
0.96957053 0.96195787 0.94054506 0.97017261
0.96957026 0.96195759 0.94054495 0.97017181
0.96957001 0.96195734 0.94054485 0.97017109
0.9695698 0.96195711 0.94054476 0.97017045
0.9695696 0.9619569 0.94054467 0.97016987
0.96956943 0.96195672 0.9405446 0.97016935
0.96956927 0.96195655 0.94054453 0.97016888
0.96956913 0.9619564 0.94054447 0.97016845
0.969569 0.96195627 0.94054442 0.97016807
0.96956889 0.96195615 0.94054437 0.97016773
0.96956878 0.96195604 0.94054433 0.97016742
0.96956869 0.96195594 0.94054429 0.97016715
0.9695686 0.96195586 0.94054425 0.9701669
0.96956853 0.96195578 0.94054422 0.97016667
0.96956846 0.96195571 0.94054419 0.97016647
0.9695684 0.96195564 0.94054417 0.97016629
0.96956834 0.96195558 0.94054414 0.97016612
0.96956829 0.96195553 0.94054412 0.97016598
0.96956825 0.96195548 0.9405441 0.97016584
0.96956821 0.96195544 0.94054409 0.97016572
0.96956817 0.9619554 0.94054407 0.97016562
0.96956814 0.96195537 0.94054406 0.97016552
0.96956811 0.96195534 0.94054405 0.97016543
0.96956808 0.96195531 0.94054404 0.97016535
0.96956806 0.96195529 0.94054403 0.97016528
0.96956804 0.96195527 0.94054402 0.97016522
0.96956802 0.96195525 0.94054401 0.97016516
0.969568 0.96195523 0.940544 0.97016511
0.96956799 0.96195521 0.94054399 0.97016507
0.96956797 0.9619552 0.94054399 0.97016502
0.96956796 0.96195518 0.94054398 0.97016499
0.96956795 0.96195517 0.94054398 0.97016495
0.96956794 0.96195516 0.94054397 0.97016492
0.96956793 0.96195515 0.94054397 0.9701649
0.96956792 0.96195514 0.94054397 0.97016487
0.96956792 0.96195513 0.94054396 0.97016485
0.96956791 0.96195513 0.94054396 0.97016483
0.9695679 0.96195512 0.94054396 0.97016481
0.9695679 0.96195512 0.94054396 0.97016479
0.96956789 0.96195511 0.94054395 0.97016478
0.96956789 0.96195511 0.94054395 0.97016477
0.96956788 0.9619551 0.94054395 0.97016476
0.96956788 0.9619551 0.94054395 0.97016474
0.96956788 0.96195509 0.94054395 0.97016474
0.96956787 0.96195509 0.94054395 0.97016473
0.96956787 0.96195509 0.94054395 0.97016472
0.96956787 0.96195509 0.94054394 0.97016471
0.96956787 0.96195508 0.94054394 0.97016471
0.96956787 0.96195508 0.94054394 0.9701647
0.96956786 0.96195508 0.94054394 0.9701647
0.96956786 0.96195508 0.94054394 0.97016469
0.96956786 0.96195508 0.94054394 0.97016469
0.96956786 0.96195508 0.94054394 0.97016468
0.96956786 0.96195507 0.94054394 0.97016468
0.96956786 0.96195507 0.94054394 0.97016468
0.96956786 0.96195507 0.94054394 0.97016467
0.96956786 0.96195507 0.94054394 0.97016467
0.96956785 0.96195507 0.94054394 0.97016467
0.96956785 0.96195507 0.94054394 0.97016467
0.96956785 0.96195507 0.94054394 0.97016467
0.96956785 0.96195507 0.94054394 0.97016466
0.96956785 0.96195507 0.94054394 0.97016466
0.96956785 0.96195507 0.94054394 0.97016466
0.96956785 0.96195507 0.94054394 0.97016466
0.96956785 0.96195507 0.94054394 0.97016466
0.96956785 0.96195507 0.94054394 0.97016466
0.96956785 0.96195507 0.94054394 0.97016466
0.96956785 0.96195507 0.94054394 0.97016466
0.96956785 0.96195507 0.94054394 0.97016466
0.96956785 0.96195507 0.94054394 0.97016466
0.96956785 0.96195507 0.94054394 0.97016465
0.96956785 0.96195507 0.94054394 0.97016465
0.96956785 0.96195507 0.94054394 0.97016465
0.96956785 0.96195507 0.94054394 0.97016465
0.96956785 0.96195507 0.94054394 0.97016465
0.96956785 0.96195507 0.94054394 0.97016465
0.96956785 0.96195507 0.94054394 0.97016465
0.96956785 0.96195506 0.94054394 0.97016465
0.96956785 0.96195506 0.94054394 0.97016465
0.96956785 0.96195506 0.94054394 0.97016465
0.96956785 0.96195506 0.94054394 0.97016465
0.96956785 0.96195506 0.94054394 0.97016465
0.96956785 0.96195506 0.94054394 0.97016465
0.96956785 0.96195506 0.94054394 0.97016465
0.96956785 0.96195506 0.94054394 0.97016465
0.96956785 0.96195506 0.94054394 0.97016465
0.96956785 0.96195506 0.94054394 0.97016465
0.96956785 0.96195506 0.94054394 0.97016465
0.96956785 0.96195506 0.94054394 0.97016465
0.96956785 0.96195506 0.94054394 0.97016465
0.96956785 0.96195506 0.94054394 0.97016465
0.96956785 0.96195506 0.94054394 0.97016465
0.96956785 0.96195506 0.94054394 0.97016465
0.96956785 0.96195506 0.94054394 0.97016465
0.96956785 0.96195506 0.94054394 0.97016465
0.96956785 0.96195506 0.94054394 0.97016465
0.96956785 0.96195506 0.94054394 0.97016465
0.96956785 0.96195506 0.94054394 0.97016465
0.96956785 0.96195506 0.94054394 0.97016465
0.96956785 0.96195506 0.94054394 0.97016465
0.96956785 0.96195506 0.94054394 0.97016465
0.96956785 0.96195506 0.94054394 0.97016465
0.96956785 0.96195506 0.94054394 0.97016465
0.96956785 0.96195506 0.94054394 0.97016465
0.96956785 0.96195506 0.94054394 0.97016465
0.96956785 0.96195506 0.94054394 0.97016465
0.96956785 0.96195506 0.94054394 0.97016465
0.96956785 0.96195506 0.94054394 0.97016465
0.96956785 0.96195506 0.94054394 0.97016465
0.96956785 0.96195506 0.94054394 0.97016465
0.96956785 0.96195506 0.94054394 0.97016465
0.96956785 0.96195506 0.94054394 0.97016465
0.96956785 0.96195506 0.94054394 0.97016465
0.96956785 0.96195506 0.94054394 0.97016465
0.96956785 0.96195506 0.94054394 0.97016465
0.96956785 0.96195506 0.94054394 0.97016465
0.96956785 0.96195506 0.94054394 0.97016465
0.96956785 0.96195506 0.94054394 0.97016465
0.96956785 0.96195506 0.94054394 0.97016465
0.96956785 0.96195506 0.94054394 0.97016465
0.96956785 0.96195506 0.94054394 0.97016465
0.96956785 0.96195506 0.94054394 0.97016465
0.96956785 0.96195506 0.94054394 0.97016465
0.96956785 0.96195506 0.94054394 0.97016465
0.96956785 0.96195506 0.94054394 0.97016465
0.96956785 0.96195506 0.94054394 0.97016465
0.96956785 0.96195506 0.94054394 0.97016465
0.96956785 0.96195506 0.94054394 0.97016465
0.96956785 0.96195506 0.94054394 0.97016465
0.96956785 0.96195506 0.94054394 0.97016465
0.96956785 0.96195506 0.94054394 0.97016465
0.96956785 0.96195506 0.94054394 0.97016465
0.96956785 0.96195506 0.94054394 0.97016465
0.96956785 0.96195506 0.94054394 0.97016465
0.96956785 0.96195506 0.94054394 0.97016465
0.96956785 0.96195506 0.94054394 0.97016465
0.96956785 0.96195506 0.94054394 0.97016465
0.96956785 0.96195506 0.94054394 0.97016465
0.96956785 0.96195506 0.94054394 0.97016465
0.96956785 0.96195506 0.94054394 0.97016465
0.96956785 0.96195506 0.94054394 0.97016465
0.96956785 0.96195506 0.94054394 0.97016465
0.96956785 0.96195506 0.94054394 0.97016465
0.96956785 0.96195506 0.94054394 0.97016465
0.96956785 0.96195506 0.94054394 0.97016465
0.96956785 0.96195506 0.94054394 0.97016465
0.96956785 0.96195506 0.94054394 0.97016465
0.96956785 0.96195506 0.94054394 0.97016465
0.96956785 0.96195506 0.94054394 0.97016465
0.96956785 0.96195506 0.94054394 0.97016465
0.96956785 0.96195506 0.94054394 0.97016465
0.96956785 0.96195506 0.94054394 0.97016465
0.96956785 0.96195506 0.94054394 0.97016465
0.96956785 0.96195506 0.94054394 0.97016465
0.96956785 0.96195506 0.94054394 0.97016465
0.96956785 0.96195506 0.94054394 0.97016465
0.96956785 0.96195506 0.94054394 0.97016465
0.96956785 0.96195506 0.94054394 0.97016465
0.96956785 0.96195506 0.94054394 0.97016465
0.96956785 0.96195506 0.94054394 0.97016465
0.96956785 0.96195506 0.94054394 0.97016465
0.96956785 0.96195506 0.94054394 0.97016465
0.96956785 0.96195506 0.94054394 0.97016465
0.96956785 0.96195506 0.94054394 0.97016465
0.96956785 0.96195506 0.94054394 0.97016465
0.96956785 0.96195506 0.94054394 0.97016465
0.96956785 0.96195506 0.94054394 0.97016465
0.96956785 0.96195506 0.94054394 0.97016465
0.96956785 0.96195506 0.94054394 0.97016465
0.96956785 0.96195506 0.94054394 0.97016465
0.96956785 0.96195506 0.94054394 0.97016465
0.96956785 0.96195506 0.94054394 0.97016465
0.96956785 0.96195506 0.94054394 0.97016465
0.96956785 0.96195506 0.94054394 0.97016465
0.96956785 0.96195506 0.94054394 0.97016465
0.96956785 0.96195506 0.94054394 0.97016465
0.96956785 0.96195506 0.94054394 0.97016465
0.96956785 0.96195506 0.94054394 0.97016465
0.96956785 0.96195506 0.94054394 0.97016465
0.96956785 0.96195506 0.94054394 0.97016465
0.96956785 0.96195506 0.94054394 0.97016465
0.96956785 0.96195506 0.94054394 0.97016465
0.96956785 0.96195506 0.94054394 0.97016465
0.96956785 0.96195506 0.94054394 0.97016465
0.96956785 0.96195506 0.94054394 0.97016465
0.96956785 0.96195506 0.94054394 0.97016465
0.96956785 0.96195506 0.94054394 0.97016465
0.96956785 0.96195506 0.94054394 0.97016465
0.96956785 0.96195506 0.94054394 0.97016465
0.96956785 0.96195506 0.94054394 0.97016465
0.96956785 0.96195506 0.94054394 0.97016465
0.96956785 0.96195506 0.94054394 0.97016465
0.96956785 0.96195506 0.94054394 0.97016465
0.96956785 0.96195506 0.94054394 0.97016465
0.96956785 0.96195506 0.94054394 0.97016465
0.96956785 0.96195506 0.94054394 0.97016465
0.96956785 0.96195506 0.94054394 0.97016465
0.96956785 0.96195506 0.94054394 0.97016465
0.96956785 0.96195506 0.94054394 0.97016465
0.96956785 0.96195506 0.94054394 0.97016465
0.96956785 0.96195506 0.94054394 0.97016465
0.96956785 0.96195506 0.94054394 0.97016465
0.96956785 0.96195506 0.94054394 0.97016465
0.96956785 0.96195506 0.94054394 0.97016465
0.96956785 0.96195506 0.94054394 0.97016465
0.96956785 0.96195506 0.94054394 0.97016465
0.96956785 0.96195506 0.94054394 0.97016465
0.96956785 0.96195506 0.94054394 0.97016465
0.96956785 0.96195506 0.94054394 0.97016465
0.96956785 0.96195506 0.94054394 0.97016465
0.96956785 0.96195506 0.94054394 0.97016465
0.96956785 0.96195506 0.94054394 0.97016465
0.96956785 0.96195506 0.94054394 0.97016465
0.96956785 0.96195506 0.94054394 0.97016465
0.96956785 0.96195506 0.94054394 0.97016465
0.96956785 0.96195506 0.94054394 0.97016465
0.96956785 0.96195506 0.94054394 0.97016465
0.96956785 0.96195506 0.94054394 0.97016465
